Macierz: 
 0.5  0.333333  0.25  0.2 
 0.333333  0.25  0.2  0.166667 
 0.25  0.2  0.166667  0.142857 
 0.2  0.166667  0.142857  0.125 

Macierz LU: 
 0.5  0.333333  0.25  0.2 
 0.5  0.0333333  0.0416667  0.0428571 
 0.666667  0.833333  -0.00138889  -0.00238095 
 0.4  1  -0.857143  0.000102041 

Diagonala macierzy: 
 0.5 
 0.0333333 
 -0.00138889 
 0.000102041 
Wyznacznik macierzy: 2.36206e-09 

Macierz odwrotna: 
 200  -1200  2100  -1120 
 -1200  8100  -15120  8400 
 2100  -15120  29400  -16800 
 -1120  8400  -16800  9800 

Wynik mnozenia: 
 1  1.07661e-09  -2.055e-09  1.15961e-09 
 -1.01727e-05  1  -1.71212e-09  -4.06891e-05 
 -1.09935e-10  7.6875e-10  1  8.28095e-10 
 -9.62075e-11  6.72799e-10  -1.28421e-09  1 

Wspolczynnik uwarunkowania : 14700
